#' @title Bland-Altman Lancet PEFR data
#'
#' @description This is the original PEFR data set in the 1986 Lancet paper written by Bland and Altman. I've put this in to allow testing of the functions.
#'
#' @references Based on: (1) Bland, J. M., & Altman, D. (1986). Statistical methods for assessing agreement between two methods of clinical measurement. The Lancet, 327(8476), 307-310. http://dx.doi.org/10.1016/S0140-6736(86)90837-8
#'

WrightFirst <- c(494, 395, 516, 434, 476, 557, 413, 442, 650, 433, 417, 656, 267, 478, 178, 423, 427)
WrightSecond <- c(490, 397, 512, 401, 470, 611, 415, 431, 638, 429, 420, 633, 275, 492, 165, 372, 421)
MiniWrightFirst <- c(512, 430, 520, 428, 500, 600, 364, 380, 658, 445, 432, 626, 260, 477, 259, 350, 451)
MiniWrightSecond <- c(525, 415, 508, 444, 500, 625, 460, 390, 642, 432, 420, 605, 227, 467, 268, 370, 443)
